1990 5327803110
1991 5418735891
1992 5505989816
1993 5591544797
1994 5675551255
1995 5758878982
1996 5840681000
1997 5921383000
1998 6002013000
1999 6082392000
2000 6171702993
2001 6258100000
2002 6329300000
2003 6398100000
2004 6465700000
2005 6586970132
2006 6659300000
2007 6733600000
2008 6811600000
2009 6893300000
2010 7021732148
2011 7082000000
2012 7160000000
2013 7250000000
2014 7340000000
2015 7470491872
2016 7558554526
2017 7645617954
2018 7729902781
2019 7811293698
2020 7887001292
2021 7954448391
2022 8021407192
2023 8091734930
2024 8161972572
2025 8231613070
